Kuala Lumpur,Penang,Johor Bahru,Ipoh,Malacca,Kuantan,Kota Bharu,Kuala Terengganu,Alor Setar,Seremban
0,355,330,205,145,250,440,455,410,65
355,0,670,160,500,550,210,240,100,420
330,670,0,500,220,340,640,660,720,270
205,160,500,0,360,430,300,330,260,280
145,500,220,360,0,280,550,570,580,90
250,550,340,430,280,0,370,240,610,180
440,210,640,300,550,370,0,165,290,510
455,240,660,330,570,240,165,0,320,530
410,100,720,260,580,610,290,320,0,470
65,420,270,280,90,180,510,530,470,0

